=== results/b5-datagram-size ===
per run
run               rssi  noise    phy    ch/MHz  aup50  aup95  aup99   aumax  spn99  spnmx  reord  dpth  fil99  filmx  ploss auloss
1200-r1            -43    -93   1200    116/80   8.08  10.35  16.20   40.67   3.44  26.87   2808    15   0.23   7.49      0      0
1200-r2            -47    -95    960    116/80   8.08  10.35  31.29  118.95   3.65   5.93   2790    23   0.25   4.48      0      0
1200-r3            -45    -95   1080    116/80   8.09  10.35  12.94   75.24   3.54   7.96   2853    26   0.19   4.21      0      0
1350-r1            -44    -93   1200    116/80   8.07  10.31  12.85   44.66   3.36  33.29   2874    19   0.17   4.18      0      0
1350-r2            -42    -95   1200    116/80   8.10  10.36  13.89   43.58   3.65  33.82   2827    16   0.23  33.59      0      0
1350-r3            -42    -95   1200    116/80   8.12  10.20  17.32  140.12   3.51  11.86   2866    20   0.19   4.47      0      0
1400-r1            -44    -95   1200    116/80   8.09  10.35  16.77   41.91   3.56  30.67   2837    26   0.19   3.97      0      0
1400-r2            -45    -95   1200    116/80   8.11  10.26  13.53   47.61   3.57   5.96   5053    17   0.36   5.91      0      0
1400-r3            -41    -95   1200    116/80   8.09  10.43  17.40   42.07   3.64   5.67   2918    17   0.26   4.28      0      0

medians by arm
run               rssi  noise    phy    ch/MHz  aup50  aup95  aup99   aumax  spn99  spnmx  reord  dpth  fil99  filmx  ploss auloss
1200 (n=3)         -45    -95   1080    116/80   8.08  10.35  16.20   75.24   3.54   7.96   2808    23   0.23   4.48      0      0
1350 (n=3)         -42    -95   1200    116/80   8.10  10.31  13.89   44.66   3.51  33.29   2866    19   0.19   4.47      0      0
1400 (n=3)         -44    -95   1200    116/80   8.09  10.35  16.77   42.07   3.57   5.96   2918    17   0.26   4.28      0      0
