=== results/b1-proximity ===
per run
run               rssi  noise    phy    ch/MHz  aup50  aup95  aup99   aumax  spn99  spnmx  reord  dpth  fil99  filmx  ploss auloss
close-r1           -40    -95   1200    116/80   8.07  10.30  13.60   40.96   3.75  31.33   2860    13   0.14   6.98      0      0
close-r2           -40    -95   1200    116/80   8.08  10.30  15.96   42.11   3.70  28.97   2863    13   0.12   6.09      0      1
close-r3           -40    -95   1200    116/80   8.09  10.22  13.05   42.66   3.62  32.77   2862    14   0.10   3.98      0      0
normal-r1          -64    -93    432    116/80   8.07  10.38  15.88   48.04   3.65  31.46   2925    24   0.20   3.96      0      0
normal-r2          -64    -93    432    116/80   8.10  10.32  17.76  649.59   3.65  93.85   2784    13   0.21   6.79      0      0
normal-r3          -64    -95    432    116/80   8.08  10.37  16.59   45.91   3.70  37.75   2814    15   0.20   4.66      0      0
return-r1          -69    -94    288    116/80   8.10  10.55  17.96   95.75   3.59  32.64   2514    13   0.24   4.08      0      0
return-r2          -60    -94    648    116/80   8.11  10.34  15.65   42.99   3.56   4.75   2261    21   0.19   4.50      0      0
return-r3          -60    -94    432    116/80   8.09  10.40  15.59   44.83   3.59   9.11   2372    13   0.15   4.32      0      0

medians by position
run               rssi  noise    phy    ch/MHz  aup50  aup95  aup99   aumax  spn99  spnmx  reord  dpth  fil99  filmx  ploss auloss
close (n=3)        -40    -95   1200    116/80   8.08  10.30  13.60   42.11   3.70  31.33   2862    13   0.12   6.09      0      0
normal (n=3)       -64    -93    432    116/80   8.08  10.37  16.59   48.04   3.65  37.75   2814    15   0.20   4.66      0      0
return (n=3)       -60    -94    432    116/80   8.10  10.40  15.65   44.83   3.59   9.11   2372    13   0.19   4.32      0      0
